from_stop_id,to_stop_id,transfer_type,min_transfer_time
16183,16102,,
16175,11464,,
184,116,,
15933,14203,,
12570,12596,,
120,125,,
11161,11181,,
70,13206,,
11924,41,,
16204,14516,,
14204,14200,,
11180,12921,,
13604,13428,,
11866,13316,,
13530,11129,,
13752,12407,,
13947,12885,,
13711,13837,,
11362,11469,,
12499,76,,
13385,14452,,
14881,14884,,
14219,14218,,
14591,14503,,
13355,252,,
12633,14221,,
12494,16100,,
13748,12096,,
14230,11065,,
12098,11266,,
11466,11365,,
16180,14212,,
15988,12157,,
11171,10858,,
213,12640,,
14484,14483,,
13447,11561,,
14224,15973,,
11167,11177,,
14824,15973,,
15973,14218,,
10943,11030,,
25,14212,,
11166,11368,,
11946,14618,,
15933,10858,,
15101,45,,
12763,13714,,
12079,13370,,
331,13032,,
12152,334,,
12493,10861,,
259,10996,,
16220,16216,,
14218,14229,,
13098,16013,,
10932,11561,,
15933,129,,
14823,12116,,
11129,13530,,
16212,11526,,
42,14516,,
13409,261,,
13469,13440,,
13675,13686,,
11183,11881,,
10861,16181,,
11018,292,,
198,197,,
338,13032,,
14218,14223,,
11771,14284,,
14240,14235,,
11525,42,,
11018,10969,,
11749,143,,
11888,12794,,
12986,13872,,
14456,11780,,
14294,14218,,
14737,14738,,
10954,12659,,
14196,12434,,
13441,197,,
12025,10861,,
14230,14227,,
13711,30,,
13370,12268,,
13098,14242,,
12595,12596,,
11171,14203,,
14204,10858,,
12143,11407,,
12910,172,,
13367,14864,,
14591,14808,,
25,129,,
16262,16204,,
129,14212,,
10860,16009,,
13956,11844,,
82,14499,,
65,60,,
12499,198,,
13500,13410,,
13429,10925,,
14223,14227,,
12492,14516,,
11170,11525,,
25,10858,,
14483,14572,,
16262,129,,
11918,11886,,
14211,10858,,
14018,14017,,
13677,12587,,
11464,14900,,
14823,14230,,
11739,11880,,
11815,11814,,
14761,12446,,
16189,12024,,
13519,13559,,
11425,11375,,
178,13619,,
13384,14544,,
12497,13469,,
128,117,,
12763,13833,,
13079,10925,,
18,10893,,
14823,14224,,
14336,120,,
11848,11925,,
129,16262,,
12571,12594,,
14977,11736,,
266,13316,,
11827,11760,,
11065,12633,,
42,14211,,
13474,10860,,
11739,11848,,
249,11194,,
10922,14018,,
13856,11455,,
14203,10860,,
171,13619,,
13559,13519,,
11065,14230,,
14368,11305,,
16212,16177,,
14204,14211,,
14217,14210,,
16009,14206,,
14204,11171,,
11321,15988,,
13616,106,,
156,12500,,
342,12243,,
42,14203,,
14503,14589,,
16177,16009,,
13390,11129,,
91,76,,
10984,107,,
12195,15968,,
12987,13952,,
16187,11727,,
12852,304,,
16189,12494,,
12095,13747,,
14372,47,,
11918,11919,,
16239,16244,,
13119,13653,,
14577,12743,,
10861,14200,,
107,121,,
14216,42,,
13675,12586,,
12590,11716,,
14486,173,,
14761,11525,,
13285,12021,,
283,11359,,
14017,10923,,
11845,11742,,
11172,11526,,
124,107,,
14823,14219,,
14212,10858,,
11914,16120,,
11373,12087,,
10858,14205,,
42,14212,,
14516,10861,,
16009,129,,
11054,10938,,
21,32,,
261,13500,,
14201,14200,,
11829,11758,,
11001,54,,
12542,11976,,
42,129,,
11099,16047,,
14206,14217,,
41,11881,,
13316,266,,
14212,10861,,
12025,14516,,
13284,13469,,
12897,14130,,
16175,12446,,
42,16262,,
186,14503,,
13286,14018,,
13747,12096,,
14435,213,,
14204,14516,,
16100,12494,,
342,12153,,
14237,14235,,
16013,14241,,
11185,16223,,
13571,248,,
10925,13079,,
14224,14294,,
16161,12021,,
11177,11167,,
42,10861,,
14210,14200,,
13733,12391,,
125,14336,,
12766,12608,,
11888,12889,,
311,12851,,
14516,42,,
10945,11048,,
11948,11962,,
14951,16161,,
12025,16180,,
16178,11171,,
11368,11177,,
16178,14217,,
25,15933,,
16128,14866,,
10861,129,,
11214,11129,,
13856,10859,,
14218,14221,,
10895,10942,,
42,10858,,
12732,12338,,
14203,14200,,
16185,13080,,
13984,11108,,
14128,14367,,
12285,12114,,
11099,231,,
186,14808,,
12094,11426,,
13714,12609,,
11715,11716,,
11198,11142,,
14516,14206,,
14205,14200,,
14220,14224,,
11252,13362,,
10948,10949,,
13954,11187,,
14220,14218,,
15015,16007,,
14499,82,,
117,58,,
16111,65,,
13698,16182,,
64,343,,
14206,14516,,
11810,14456,,
16072,16191,,
12595,12594,,
13674,13686,,
16047,231,,
16216,16221,,
14206,15933,,
14212,14206,,
11813,11777,,
11037,12659,,
11525,12446,,
91,198,,
13474,12025,,
11972,11302,,
13404,13510,,
16187,12466,,
14229,14224,,
13081,11180,,
14200,14212,,
11030,10943,,
14864,10922,,
14293,14221,,
14456,14455,,
14938,14555,,
13510,13403,,
14203,14210,,
11844,13868,,
13474,14204,,
14223,14755,,
16071,16190,,
16200,187,,
16178,14201,,
12633,12709,,
11146,11194,,
14229,14230,,
16262,16177,,
14606,11782,,
11002,46,,
13010,200,,
11768,14117,,
14221,14229,,
13481,13079,,
14495,16056,,
10922,10864,,
13054,12707,,
14511,12489,,
13631,12813,,
16186,11182,,
11171,15933,,
10925,13481,,
11194,11146,,
16204,16262,,
12094,11375,,
12786,14130,,
11712,192,,
14983,16081,,
16179,11455,,
16019,21,,
14820,11946,,
12018,198,,
14294,14229,,
60,11735,,
11333,148,,
13871,13258,,
12021,13469,,
14864,14017,,
14212,14216,,
15101,11881,,
11526,11172,,
11525,10859,,
11884,12414,,
12822,13828,,
14989,14377,,
74,139,,
13686,12434,,
14823,12542,,
14544,12343,,
12910,177,,
13525,86,,
12492,14203,,
14130,12786,,
11275,11293,,
12779,12832,,
12912,177,,
11785,11805,,
14206,28,,
16180,14210,,
13014,331,,
12589,11715,,
14225,14755,,
14211,10860,,
25,28,,
14240,16013,,
13081,13082,,
13511,47,,
14417,11813,,
14756,14237,,
12707,12637,,
11171,14211,,
13974,12633,,
13604,13481,,
12594,11407,,
11042,10950,,
10974,11008,,
13689,13672,,
13369,12021,,
10974,125,,
11550,11900,,
14344,255,,
13965,11251,,
16041,20,,
16009,14216,,
14221,14293,,
11814,14417,,
12938,10923,,
11914,12794,,
13501,261,,
13401,11138,,
14219,14223,,
14533,15981,,
16262,14516,,
14284,14115,,
12407,14179,,
16183,13697,,
10926,13974,,
11717,12589,,
28,42,,
16150,12921,,
12492,10861,,
11156,45,,
11077,12327,,
13417,120,,
13941,148,,
14237,14242,,
13386,14452,,
11758,11828,,
16222,16223,,
16175,13856,,
16263,11526,,
11900,11550,,
129,14210,,
14227,14218,,
12794,11915,,
13206,75,,
14227,14224,,
14224,14223,,
11041,14313,,
192,12574,,
13974,14294,,
10859,16263,,
13875,11275,,
14205,14204,,
11149,11610,,
11163,11180,,
28,10860,,
170,13490,,
14235,14240,,
14452,13385,,
14203,14516,,
13500,14307,,
13890,12095,,
14938,14143,,
244,11146,,
82,85,,
12490,15963,,
10860,14516,,
15966,48,,
11172,16175,,
14230,14755,,
14756,16013,,
14217,14516,,
11759,11827,,
12489,14508,,
16204,12492,,
11383,11414,,
10860,15933,,
14545,14559,,
10864,14017,,
12451,12398,,
57,14299,,
16180,10861,,
10926,12633,,
13257,13872,,
14756,14242,,
13346,13206,,
12608,12766,,
11157,15101,,
16262,14200,,
229,240,,
28,14516,,
13038,200,,
13890,12153,,
14555,14143,,
13511,13823,,
14756,14236,,
14823,14294,,
42,10860,,
155,12050,,
16133,16134,,
14200,15933,,
139,71,,
10980,46,,
12288,12108,,
14211,14212,,
10980,40,,
13895,11426,,
13481,13604,,
13467,12019,,
14212,42,,
11103,16047,,
11976,12116,,
14189,12391,,
14624,12340,,
4,11886,,
16176,16212,,
13974,14219,,
14229,14755,,
14739,14740,,
23,16188,,
10942,10895,,
14808,14589,,
10861,14210,,
13692,13856,,
13698,60,,
14155,11466,,
178,13581,,
271,283,,
14761,42,,
14217,11171,,
14200,11171,,
11736,11735,,
16204,14211,,
14230,14218,,
13947,12798,,
12732,11868,,
16212,12446,,
11171,14761,,
12633,14294,,
13506,81,,
10926,14294,,
14155,159,,
13832,12765,,
14237,16013,,
12405,116,,
11171,16178,,
14576,16041,,
16262,13474,,
343,16274,,
12491,186,,
14206,14210,,
13447,11689,,
15993,16270,,
16200,16156,,
13896,11426,,
12902,11350,,
16175,16212,,
42,14205,,
14220,14230,,
16173,11727,,
14229,14218,,
12659,11037,,
12086,12095,,
13428,13604,,
14212,14761,,
14211,10861,,
11426,11425,,
14237,14236,,
12938,14370,,
11883,220,,
14516,25,,
16082,13987,,
13512,14372,,
16180,14203,,
11181,13082,,
172,13091,,
12889,11915,,
13676,12586,,
16274,333,,
14217,10860,,
67,11058,,
14227,15973,,
18,10939,,
13732,12391,,
13987,16082,,
11525,11170,,
11109,155,,
11050,10895,,
248,13627,,
14364,13079,,
16120,12889,,
13698,11735,,
16219,14130,,
15988,11321,,
14726,13604,,
14897,14898,,
13574,124,,
11030,10960,,
13832,12609,,
15942,11738,,
14930,259,,
11161,3,,
14218,14225,,
274,10859,,
14212,14204,,
11163,13081,,
11866,266,,
13875,11293,,
10860,16262,,
14210,14201,,
13747,12086,,
12765,13833,,
14115,14284,,
11464,16175,,
13409,13410,,
12585,11718,,
11915,16120,,
16262,14205,,
11525,14210,,
51,14523,,
11561,11060,,
40,10981,,
12816,12965,,
12588,11714,,
13860,12861,,
13404,13823,,
12500,167,,
13832,13715,,
14294,14220,,
13755,12142,,
74,136,,
11880,29,,
10859,16176,,
14221,14218,,
13519,16329,,
16013,14240,,
184,157,,
12024,16189,,
13987,11105,,
12434,13675,,
11275,13875,,
13284,12021,,
14605,14501,,
32,16018,,
16212,16178,,
14204,14212,,
14908,11866,,
13508,13510,,
12573,12440,,
14755,14218,,
12637,14295,,
13837,16188,,
11886,14031,,
14516,14210,,
13192,13169,,
11761,14736,,
58,117,,
14223,14218,,
13409,13500,,
14584,13194,,
13282,12079,,
16212,11172,,
13440,13469,,
195,200,,
14241,14240,,
58,11058,,
11881,45,,
12022,13285,,
11012,11008,,
11171,16212,,
14576,12743,,
12492,13474,,
11012,125,,
12765,13714,,
16262,10860,,
16178,25,,
11717,11715,,
13748,13737,,
14229,14294,,
12087,13896,,
11137,14760,,
16176,16175,,
14223,14221,,
12852,311,,
13941,16171,,
14211,14516,,
14241,14237,,
10858,14206,,
11959,11469,,
28,10861,,
11146,244,,
13344,12732,,
14136,14540,,
12637,12707,,
13118,13653,,
12633,14225,,
16102,16183,,
14217,14200,,
16204,274,,
12084,11972,,
15950,15949,,
10860,16204,,
76,197,,
116,157,,
11727,16173,,
11153,13870,,
13082,13081,,
12446,16176,,
13467,14951,,
11715,12589,,
12590,12588,,
148,11333,,
16260,12602,,
12327,11077,,
14221,14755,,
14740,11018,,
16156,116,,
14225,14230,,
16204,14200,,
257,12813,,
13441,198,,
16177,14205,,
11172,16263,,
11736,60,,
16211,11455,,
14218,14219,,
16188,23,,
12411,11302,,
14523,51,,
170,179,,
265,13386,,
11413,11384,,
14200,16009,,
13857,12444,,
42,14761,,
274,11526,,
11880,16055,,
12219,14377,,
10972,10973,,
12459,11712,,
14959,10942,,
108,96,,
14136,15981,,
16207,12633,,
14217,14201,,
12640,14890,,
11232,13124,,
14210,10858,,
125,11008,,
14307,261,,
11178,11164,,
11302,12098,,
86,81,,
10864,10923,,
14225,14219,,
12434,13686,,
13142,11076,,
13098,14240,,
16120,12794,,
13338,14624,,
11167,12596,,
14218,14294,,
14572,16106,,
13401,47,,
11767,11768,,
14755,14223,,
12115,14824,,
13082,11181,,
14210,10861,,
10860,14204,,
15965,12198,,
16008,16077,,
12466,14197,,
14218,11065,,
12849,304,,
41,11924,,
14577,16041,,
14156,16215,,
16101,3,,
172,12895,,
28,14201,,
12639,14890,,
14324,213,,
64,333,,
12626,12338,,
10861,12025,,
13584,13616,,
12779,134,,
11751,13965,,
129,14217,,
11905,11500,,
10893,18,,
14242,14235,,
14293,14225,,
11065,14229,,
11171,14205,,
16329,13519,,
12157,12239,,
14206,14200,,
11018,14739,,
16190,16071,,
11919,11918,,
16047,238,,
14223,14229,,
14224,14293,,
13036,200,,
12492,16204,,
25,10860,,
14320,13616,,
16181,42,,
10858,14217,,
14201,14211,,
11384,184,,
14977,65,,
11776,14417,,
10922,14864,,
11827,11759,,
14455,11810,,
14576,20,,
11235,11234,,
12500,156,,
14345,12911,,
16181,14203,,
13620,178,,
12589,11716,,
20,16041,,
14503,14808,,
13474,16009,,
12021,13284,,
14210,42,,
14294,15973,,
14881,173,,
15679,107,,
14223,14293,,
223,222,,
14516,14205,,
13501,14307,,
12920,11305,,
13291,13965,,
16182,16102,,
13474,14203,,
12198,15965,,
15994,11167,,
45,11881,,
16013,14235,,
29,16055,,
12574,11712,,
13877,12885,,
14205,16180,,
12098,11302,,
13474,14206,,
12102,155,,
13965,11252,,
129,14516,,
16163,16134,,
12709,13974,,
129,15933,,
12767,307,,
14210,14206,,
14201,15933,,
10858,14516,,
75,13206,,
11742,13707,,
11425,12094,,
11109,13983,,
13362,11252,,
58,67,,
12497,13369,,
16175,10859,,
14890,12639,,
14516,10860,,
14218,14227,,
14219,14220,,
165,14156,,
12767,12607,,
14417,11814,,
14210,14212,,
13920,14618,,
16211,13278,,
13501,13500,,
11251,13965,,
238,16047,,
14817,12159,,
12819,11142,,
12588,12589,,
10978,23,,
12607,12767,,
11813,15966,,
11848,11880,,
179,13421,,
14739,10969,,
11497,14156,,
14627,11810,,
10895,10943,,
10859,14761,,
30,10977,,
13755,15994,,
12920,11163,,
16102,13697,,
13627,245,,
12492,25,,
129,14205,,
12288,14735,,
10926,14229,,
16047,11103,,
42,28,,
16182,16181,,
14201,14205,,
16178,16262,,
11043,10950,,
12542,12116,,
11780,14627,,
11384,11413,,
14236,14242,,
11852,16111,,
21,16019,,
10980,11610,,
14206,42,,
13513,13399,,
12492,28,,
16144,16147,,
13512,47,,
14221,14224,,
13686,13676,,
16069,16005,,
14237,14240,,
14229,14219,,
11040,14313,,
15981,14136,,
14550,16135,,
28,14204,,
82,13522,,
11302,12084,,
42,14204,,
11777,15966,,
16178,10858,,
14786,14785,,
10859,11172,,
13974,14218,,
11813,11776,,
12116,12542,,
11099,12552,,
12246,11382,,
13399,14787,,
12446,10859,,
10860,14216,,
121,107,,
11171,14216,,
16009,14516,,
14053,11062,,
14203,14761,,
333,343,,
11185,13252,,
81,22,,
13481,10925,,
16223,11185,,
11865,13485,,
14216,15933,,
11847,11740,,
11103,12552,,
13934,13747,,
14217,14761,,
14221,14230,,
10875,10912,,
71,136,,
261,13409,,
11751,143,,
11164,13081,,
11777,11776,,
14516,14217,,
14495,11993,,
11973,12098,,
194,201,,
12588,11715,,
14417,11776,,
16009,14205,,
11914,12889,,
11455,13692,,
12384,10948,,
13193,13168,,
71,139,,
16005,16069,,
11407,12143,,
11895,12897,,
5,10997,,
14210,25,,
14203,28,,
11137,13512,,
11712,12574,,
12019,13285,,
14568,16106,,
11776,11813,,
10861,14205,,
16178,14212,,
14217,14212,,
10969,303,,
11964,13920,,
14507,12578,,
307,12767,,
12596,11167,,
14143,16135,,
12851,311,,
14118,75,,
14568,14483,,
11005,11610,,
13896,12087,,
14220,14293,,
100,15151,,
10858,12446,,
177,13091,,
13484,16311,,
11689,10932,,
11108,230,,
177,12911,,
16263,16212,,
15994,12596,,
11610,40,,
81,86,,
334,12153,,
14824,14755,,
13317,266,,
13856,16175,,
13715,13833,,
15994,12570,,
11164,12921,,
11149,40,,
13168,13194,,
14624,13338,,
11727,12467,,
14997,11234,,
12626,11868,,
14516,15933,,
14876,12268,,
23,10977,,
11526,16212,,
11549,14236,,
14212,10860,,
11161,16101,,
11164,11179,,
265,14452,,
13627,248,,
11044,10948,,
11165,11177,,
13481,13428,,
16204,14201,,
13169,13192,,
12411,11972,,
13500,261,,
76,198,,
11610,46,,
14761,14210,,
15968,14918,,
15965,12218,,
11170,14761,,
11915,12794,,
14761,11170,,
16343,11062,,
10859,16175,,
16204,14204,,
11714,11716,,
11001,53,,
171,13580,,
13300,252,,
11184,45,,
13362,143,,
11464,13856,,
12024,16100,,
14227,14293,,
14217,16262,,
14977,15942,,
14205,14516,,
16216,16220,,
11293,11275,,
11008,120,,
13193,14579,,
14200,14210,,
16074,16192,,
13864,13510,,
16176,13856,,
13370,12130,,
14031,106,,
42,14201,,
11500,11905,,
14808,14591,,
13481,14726,,
116,184,,
11156,11184,,
11526,12446,,
11368,12570,,
11924,15101,,
14739,11027,,
11142,12819,,
12114,12285,,
13715,13714,,
14221,14227,,
16003,13965,,
13886,12895,,
10932,11060,,
13469,13369,,
14200,14204,,
13513,14787,,
16101,16150,,
11550,11905,,
14761,10859,,
20,12743,,
14951,13441,,
11771,13159,,
16036,159,,
116,187,,
4,9,,
13833,13714,,
11783,14606,,
11375,11426,,
11013,10972,,
15933,14216,,
12912,172,,
11344,16186,,
14452,265,,
14212,14205,,
13193,14585,,
11359,283,,
16083,16109,,
13671,13690,,
12209,283,,
13485,144,,
11887,4,,
13512,13401,,
14550,14143,,
11327,173,,
11845,13707,,
14820,11964,,
11455,14900,,
46,40,,
14018,10923,,
14210,14761,,
11235,11074,,
11993,14495,,
11739,11925,,
11425,11426,,
12492,14201,,
201,230,,
201,11107,,
12986,13952,,
11108,201,,
14939,14555,,
11027,10969,,
14220,14229,,
14212,14211,,
45,11924,,
13069,13285,,
338,13016,,
184,187,,
12467,11727,,
11180,11163,,
14206,10858,,
11060,10932,,
15971,13338,,
12897,11908,,
13285,13440,,
12603,252,,
46,10981,,
249,11146,,
14236,14756,,
13938,12911,,
16178,14203,,
13386,14315,,
11156,11881,,
13016,338,,
42,10859,,
13883,11333,,
11886,9,,
12911,177,,
16009,14211,,
12018,13441,,
14988,14981,,
15966,14417,,
11230,14386,,
23,30,,
16270,15027,,
11133,11209,,
12413,106,,
3,11161,,
14829,11469,,
14589,14503,,
11526,16177,,
13168,14579,,
16150,11181,,
13082,12921,,
139,136,,
14017,13367,,
14211,14210,,
271,12209,,
12965,12975,,
14216,14200,,
11053,10939,,
11172,16212,,
14761,15933,,
12633,14218,,
14808,186,,
14031,12414,,
14230,14294,,
125,10974,,
11186,13870,,
10923,14017,,
12493,13474,,
14224,14227,,
14205,16262,,
29,11880,,
14540,14533,,
65,16111,,
12340,15971,,
11171,14204,,
42,16009,,
11171,14210,,
16180,12492,,
14201,16009,,
16262,25,,
14589,186,,
13404,13508,,
13155,14118,,
11735,60,,
13385,14315,,
14220,14755,,
274,16212,,
11170,12446,,
16204,14210,,
14219,15973,,
10861,14212,,
10861,16204,,
86,22,,
12868,12965,,
14344,12832,,
129,16009,,
11725,14197,,
129,14200,,
14201,42,,
14344,134,,
255,134,,
15101,11157,,
12765,12609,,
14967,10910,,
12016,167,,
30,23,,
16009,16262,,
12086,13748,,
129,14203,,
13674,12434,,
257,108,,
13870,11153,,
16270,15993,,
13447,10932,,
16177,16204,,
12114,14819,,
13653,13119,,
14307,13501,,
14229,14220,,
12493,16189,,
12492,14204,,
12292,12102,,
13159,14284,,
12807,11518,,
14210,14217,,
13474,14211,,
11525,14203,,
14229,14223,,
51,35,,
199,196,,
13868,11844,,
14364,13481,,
13748,12086,,
13581,171,,
13142,11232,,
14203,14206,,
30,16188,,
242,13355,,
11302,12411,,
48,15966,,
13575,124,,
13886,12911,,
12743,14576,,
12602,11827,,
12633,13974,,
12595,12571,,
12760,12979,,
14900,13856,,
13864,13403,,
10859,11526,,
13090,16274,,
129,10858,,
16181,14201,,
12589,11714,,
14201,10858,,
14977,60,,
14203,129,,
16009,42,,
11263,12920,,
14294,14230,,
14221,14225,,
11013,10973,,
307,12607,,
12589,11717,,
129,10861,,
11814,15966,,
14205,14212,,
13874,13581,,
14240,14237,,
14201,10861,,
16181,14216,,
338,13014,,
10949,10948,,
11426,13896,,
11105,13987,,
14294,14755,,
13837,10978,,
14227,14219,,
16180,129,,
12489,14511,,
13346,13154,,
16180,14206,,
12086,13747,,
11735,65,,
13258,13872,,
14376,12243,,
12946,128,,
12605,15000,,
11908,12897,,
12587,13676,,
201,194,,
11209,11133,,
11139,14372,,
13091,177,,
11365,14155,,
12923,16185,,
13688,130,,
14736,11827,,
16223,16222,,
14203,15933,,
11426,12087,,
13467,198,,
11497,165,,
12142,13755,,
14221,14223,,
12414,14031,,
12446,11525,,
14204,14217,,
12922,11163,,
14819,11117,,
11975,14189,,
16009,14204,,
11739,11738,,
16178,14210,,
15933,16262,,
11065,12709,,
11852,16182,,
13470,13069,,
11163,13082,,
14618,11946,,
14884,173,,
14242,14756,,
14925,11549,,
129,28,,
11167,12571,,
139,74,,
16100,12024,,
14156,165,,
14320,11884,,
14219,14227,,
13405,81,,
11843,13707,,
11776,11814,,
11133,11228,,
342,12152,,
28,15933,,
85,14499,,
45,41,,
14506,12578,,
12864,11142,,
11041,11040,,
14203,11171,,
11886,11918,,
14224,14219,,
12242,334,,
12497,16161,,
14205,14210,,
16262,14203,,
14577,20,,
186,14589,,
14219,14230,,
14220,14294,,
14784,12807,,
12102,11109,,
12807,14784,,
12602,16260,,
255,14344,,
14230,14221,,
11263,14368,,
16177,14204,,
12965,12816,,
10926,11065,,
11918,4,,
248,13571,,
16204,14205,,
13715,13832,,
14211,129,,
13836,13712,,
11469,11362,,
10960,11049,,
67,117,,
14714,14501,,
10862,13481,,
14217,14211,,
12704,213,,
11736,65,,
14200,14211,,
12094,12087,,
11150,11610,,
13386,265,,
16177,14210,,
13081,12922,,
16047,11099,,
11689,11561,,
15940,15939,,
261,13501,,
11810,14455,,
14761,14203,,
14880,11375,,
11382,12150,,
14627,11780,,
16192,16074,,
11302,11266,,
12709,12634,,
12246,11415,,
14761,129,,
12253,12571,,
11972,12098,,
13309,13206,,
14516,28,,
14910,16115,,
11469,14829,,
11183,15151,,
15933,42,,
14755,14294,,
13616,14320,,
16180,16009,,
16131,20,,
71,74,,
16150,3,,
13834,13713,,
13672,13689,,
12025,25,,
13697,16181,,
13286,14017,,
15973,14294,,
13890,12243,,
16013,14242,,
12572,11407,,
14225,14293,,
28,14211,,
12920,11263,,
10939,11053,,
129,14201,,
14179,14189,,
28,11171,,
14345,12895,,
11368,11166,,
11171,14212,,
10981,11610,,
12794,16120,,
12405,157,,
13410,261,,
10977,30,,
16204,14212,,
11389,12572,,
11234,11074,,
11171,11525,,
28,14212,,
14203,14216,,
13525,22,,
12922,11180,,
14096,14084,,
11408,12143,,
14211,14205,,
14118,70,,
13895,12087,,
11167,11368,,
13082,3,,
14587,16041,,
16260,11827,,
13965,13362,,
11008,125,,
13831,13716,,
11139,13401,,
13474,14210,,
11742,11844,,
16014,14991,,
14031,14320,,
11060,11689,,
14229,14227,,
11187,13954,,
16263,11172,,
16262,14211,,
12492,14200,,
28,16262,,
13429,13481,,
14315,265,,
12492,14206,,
13870,11187,,
13714,13833,,
10974,10973,,
13707,11844,,
16212,10859,,
12440,226,,
303,14739,,
16073,16196,,
11415,12246,,
12142,12570,,
10864,14018,,
14219,14293,,
13941,11333,,
14237,13098,,
12143,11389,,
12239,15988,,
16211,16179,,
12499,13467,,
13284,13369,,
11500,11550,,
12236,14570,,
11771,14115,,
96,257,,
12218,15965,,
308,12767,,
14452,13386,,
11044,11043,,
13736,13748,,
14235,14756,,
143,11749,,
11157,11881,,
12150,11415,,
16175,16176,,
13399,13513,,
13522,82,,
12571,12570,,
272,281,,
13278,16179,,
14235,14236,,
3,16101,,
16131,12743,,
12607,308,,
13166,13196,,
16178,10859,,
11777,11813,,
11848,16055,,
10858,16178,,
12609,12765,,
10858,14212,,
25,14201,,
15949,15950,,
13485,16311,,
11716,11714,,
11179,13082,,
14823,14229,,
10927,12709,,
14293,14755,,
177,172,,
14756,14240,,
14755,14293,,
11183,11924,,
13864,13823,,
14823,14293,,
14227,14221,,
11549,14241,,
129,14204,,
13309,13154,,
16179,16211,,
14294,14293,,
15933,25,,
14377,14989,,
15933,14761,,
14201,14204,,
11305,14368,,
231,12552,,
11327,14486,,
14201,14210,,
12864,11198,,
11768,11820,,
13469,13284,,
13369,12497,,
13736,16277,,
16041,14576,,
14761,14212,,
13469,12497,,
14206,14204,,
16177,14216,,
12889,16120,,
14235,14242,,
11198,12819,,
13511,13401,,
16135,14555,,
11466,16036,,
13698,16111,,
14230,14293,,
54,53,,
13278,16211,,
13099,14756,,
14212,14201,,
13124,11232,,
10972,11013,,
11180,3,,
11526,274,,
10973,10974,,
14210,14204,,
106,14320,,
259,258,,
13081,11163,,
14293,14227,,
14618,13920,,
14761,14204,,
13954,11153,,
11959,11951,,
16175,11455,,
14201,14216,,
14217,129,,
14200,129,,
14236,14241,,
12143,12571,,
13675,12434,,
14204,14761,,
11129,11214,,
11172,10859,,
13474,14201,,
331,13014,,
13678,12584,,
159,14155,,
13154,70,,
12492,16180,,
14220,14225,,
14293,14230,,
13530,13390,,
14031,11919,,
11180,16101,,
12499,13441,,
11525,14216,,
13032,338,,
13098,14235,,
266,11866,,
116,16156,,
10858,16009,,
11183,15101,,
14486,14884,,
60,65,,
15933,14201,,
12025,14210,,
28,10858,,
14206,25,,
13506,86,,
14212,14210,,
13952,13258,,
13974,14221,,
121,124,,
14200,10861,,
10926,14293,,
13934,12243,,
14867,14370,,
14197,16173,,
12444,13670,,
13409,14307,,
13715,12609,,
12589,14506,,
13623,121,,
12595,11167,,
10952,14313,,
12633,15973,,
28,129,,
11007,30,,
15933,14204,,
245,248,,
14486,14881,,
16181,14211,,
12923,13080,,
12242,342,,
11739,16055,,
14516,14216,,
13402,13823,,
12221,14918,,
13698,65,,
42,14216,,
12021,16161,,
42,14210,,
10858,14203,,
25,14210,,
13983,155,,
11408,12253,,
15974,16195,,
14204,16262,,
11561,10932,,
10922,14017,,
12744,12613,,
14210,28,,
171,13581,,
16119,11758,,
259,14930,,
14293,11065,,
53,54,,
14760,47,,
10862,10925,,
47,13512,,
10858,14200,,
14217,42,,
11049,11030,,
11827,14736,,
14501,14605,,
16161,13469,,
14211,15933,,
12096,12095,,
14735,12288,,
11241,16128,,
14017,10864,,
11389,12253,,
10860,42,,
13429,10862,,
11191,46,,
14866,16128,,
238,13989,,
16135,14143,,
16006,15925,,
14217,14203,,
13519,13396,,
14503,14591,,
14017,10922,,
14760,13401,,
13286,14864,,
11333,13941,,
13690,13671,,
14137,35,,
14205,10860,,
12159,14570,,
13168,13193,,
11000,54,,
16260,11760,,
15973,14219,,
28,14200,,
10858,129,,
10983,54,,
13580,171,,
15994,11368,,
13877,12797,,
29,11925,,
11157,15151,,
14219,14755,,
13512,11138,,
14823,14221,,
53,11001,,
11171,12446,,
14225,14224,,
14787,13399,,
16077,16008,,
14455,14456,,
16177,14200,,
14900,11455,,
15933,10860,,
12596,11368,,
10861,16009,,
14516,129,,
14726,13481,,
11925,16055,,
261,14307,,
5,10998,,
11171,14201,,
14587,20,,
11455,11464,,
11103,231,,
13499,13410,,
16177,11526,,
12157,15988,,
12861,13860,,
11741,11846,,
13284,13440,,
11180,11181,,
25,14211,,
11230,11078,,
13832,13714,,
16177,42,,
14117,11768,,
231,11099,,
40,11610,,
48,11814,,
13989,238,,
16036,11365,,
13692,16176,,
42,14206,,
12633,14229,,
10859,274,,
12114,11117,,
11000,53,,
14211,28,,
11165,11166,,
15926,304,,
14084,14096,,
10859,12446,,
14224,14230,,
11182,11344,,
11866,14908,,
186,12491,,
10969,11027,,
11065,13974,,
10860,14205,,
12570,11177,,
14205,10858,,
11194,244,,
11129,13390,,
10861,14206,,
14824,14224,,
11884,14320,,
16212,11171,,
41,15101,,
12197,14377,,
16177,14203,,
11179,12921,,
14216,14212,,
12107,14735,,
11820,14117,,
14900,16179,,
179,13490,,
128,67,,
14817,14570,,
11030,11049,,
13493,11008,,
14230,15973,,
11041,10952,,
11426,12094,,
16003,143,,
13481,10862,,
22,13525,,
11263,11305,,
11973,12084,,
12975,12868,,
14204,15933,,
14236,14237,,
14824,14227,,
14210,16009,,
8,10986,,
14982,280,,
16150,11180,,
13338,15971,,
14223,15973,,
13499,13500,,
12446,14761,,
10862,13604,,
12969,13399,,
12798,13877,,
14216,16262,,
13080,12923,,
11181,16150,,
12446,16175,,
12921,13081,,
11166,11177,,
11329,12902,,
11407,12572,,
14736,11760,,
13159,14115,,
14930,258,,
16274,64,,
13291,11252,,
14205,14206,,
13484,144,,
11776,15966,,
16009,14200,,
12861,13828,,
14230,14219,,
12895,172,,
11058,58,,
245,13571,,
14230,14225,,
13755,12570,,
13316,11866,,
81,13525,,
16179,14900,,
12243,342,,
12760,12959,,
200,195,,
10859,16212,,
14223,14219,,
258,10996,,
12102,12292,,
12095,12086,,
10951,10950,,
14143,14555,,
14605,14714,,
12268,14876,,
16183,16184,,
60,16185,,
14823,15973,,
14516,14212,,
14223,14225,,
343,333,,
143,13362,,
10979,23,,
271,14613,,
14229,14293,,
14219,14221,,
120,11008,,
14204,16009,,
14241,16013,,
12979,12760,,
14435,14324,,
157,184,,
13674,14196,,
106,14031,,
11065,14294,,
14241,14236,,
13692,11464,,
12236,12159,,
283,12209,,
11946,11964,,
16176,14900,,
15013,290,,
170,13421,,
14189,14179,,
11561,11689,,
12511,199,,
16135,14550,,
11138,47,,
14516,14201,,
14211,16009,,
10860,13474,,
12760,12980,,
333,16274,,
10861,28,,
10934,67,,
10948,12384,,
15933,14206,,
10974,14336,,
42,14217,,
14220,14219,,
13737,13748,,
14130,12897,,
16177,25,,
14235,14237,,
11142,12864,,
12025,14206,,
11872,11878,,
14484,16106,,
12084,11266,,
16,16115,,
11972,12084,,
11455,16176,,
15101,11924,,
12897,11895,,
13010,195,,
14203,14205,,
12938,14864,,
8,5,,
167,12016,,
11387,14843,,
14201,14761,,
12633,14230,,
177,12895,,
14225,14223,,
12585,13677,,
10893,11050,,
14204,14206,,
16262,42,,
13747,12095,,
15973,14221,,
14938,14550,,
14219,14224,,
14824,12111,,
287,284,,
13474,14205,,
213,14324,,
14203,14211,,
11186,13954,,
12595,12570,,
11375,14880,,
12552,238,,
11157,11924,,
14533,14540,,
51,14137,,
14211,14200,,
14210,14205,,
14541,15981,,
12596,11177,,
14197,132,,
14155,16036,,
14204,14203,,
14225,14220,,
14240,14241,,
12573,226,,
14989,12219,,
14606,11783,,
12594,12572,,
14293,12542,,
155,12102,,
16204,16177,,
13099,14240,,
14755,14224,,
11455,16211,,
12497,13440,,
12473,16173,,
108,12813,,
12337,12732,,
11232,11076,,
10860,14203,,
12743,16041,,
16133,16163,,
14216,14201,,
13490,170,,
14230,14224,,
13082,11180,,
10978,30,,
13417,11008,,
11214,13390,,
13099,14237,,
12595,11368,,
14294,14224,,
12965,12868,,
10859,11525,,
13417,125,,
12267,12132,,
12895,177,,
13401,14372,,
136,71,,
14204,10861,,
14204,129,,
16150,16101,,
12446,16212,,
13823,13510,,
13369,13469,,
11368,12142,,
16263,10859,,
12253,11389,,
11177,11368,,
12885,13877,,
14293,14223,,
13974,14225,,
14205,28,,
11550,11500,,
12813,96,,
11993,16056,,
11828,11758,,
14210,10860,,
14017,14864,,
25,10861,,
10864,13367,,
11171,129,,
173,14881,,
11190,40,,
12748,12979,,
13936,13747,,
14824,14225,,
11154,13954,,
179,170,,
12609,13833,,
13604,10925,,
11184,11156,,
14823,14227,,
14540,14839,,
16311,13485,,
11464,13692,,
13159,11771,,
16106,14483,,
11076,13124,,
14179,12391,,
14212,28,,
283,14613,,
11078,14386,,
14200,14217,,
3,13082,,
10864,10922,,
173,14884,,
15933,16009,,
12096,13747,,
173,14486,,
15981,14541,,
178,13580,,
12497,13284,,
14506,12589,,
10932,11689,,
16055,11880,,
14227,14230,,
28,14203,,
16056,14495,,
14211,14217,,
16180,16181,,
11718,12585,,
11407,12571,,
14204,42,,
11002,40,,
129,14216,,
14570,12159,,
12760,12748,,
12594,12571,,
14211,11171,,
14293,14224,,
14918,12195,,
333,64,,
156,12016,,
28,14206,,
16222,13252,,
13713,13834,,
11161,16150,,
11177,11166,,
14217,10858,,
16013,14237,,
13574,121,,
11852,13697,,
11486,11467,,
106,11884,,
10858,42,,
12209,271,,
11266,12084,,
16244,16239,,
15151,11157,,
14230,14223,,
12767,308,,
67,128,,
14230,14229,,
91,197,,
14227,14294,,
16212,16175,,
13872,12987,,
12578,11716,,
11918,9,,
265,14315,,
23,10978,,
11344,11182,,
11060,11561,,
14230,14220,,
11074,11234,,
16181,14217,,
14200,10858,,
12570,12142,,
12494,16189,,
11951,11959,,
13098,14241,,
15151,11183,,
11426,11375,,
12266,12133,,
10937,11055,,
13934,12095,,
14293,14294,,
14884,14486,,
14884,14881,,
16277,13749,,
14223,14224,,
16101,11161,,
14735,12108,,
9,4,,
14541,14533,,
11171,14217,,
11293,13949,,
14324,12640,,
13474,28,,
14225,14221,,
308,12607,,
11027,14739,,
13421,170,,
11881,11924,,
13604,14726,,
12634,13974,,
12102,13983,,
11252,143,,
12570,12595,,
12902,11329,,
16186,11344,,
121,15679,,
12590,11714,,
14218,15973,,
11187,13870,,
12491,14503,,
13054,12637,,
11919,14320,,
14217,16009,,
13874,13620,,
12018,76,,
10862,14726,,
14225,14227,,
10860,14212,,
16150,11161,,
12589,12578,,
25,14216,,
120,14336,,
16204,12025,,
13974,11065,,
178,171,,
14200,14203,,
13934,12153,,
14533,14541,,
14284,13159,,
16204,14203,,
16180,28,,
13828,12861,,
10860,129,,
13098,11549,,
12130,13370,,
12979,12748,,
14236,14235,,
15994,13755,,
16215,14156,,
14740,11027,,
14823,14218,,
13856,11464,,
14220,15973,,
13421,179,,
14989,12197,,
12748,12959,,
11190,11610,,
13283,12130,,
16204,16009,,
13252,11185,,
16181,15933,,
28,16009,,
10950,11043,,
14761,14201,,
16180,25,,
14200,14206,,
14217,14206,,
13686,14196,,
15973,14225,,
14452,14315,,
10860,14206,,
14847,16145,,
13469,13285,,
13974,14229,,
12798,13947,,
14824,14223,,
15973,14220,,
14143,14550,,
16173,12466,,
13474,10861,,
11149,46,,
13099,16013,,
11305,12920,,
11736,14977,,
14294,14225,,
14572,14483,,
14963,11288,,
14613,283,,
13559,13396,,
14236,16013,,
13877,12798,,
13676,14196,,
42,25,,
14824,14229,,
10860,14201,,
16177,16212,,
13833,12765,,
10969,11018,,
165,16215,,
10925,13604,,
11740,11847,,
11266,11302,,
16019,32,,
14761,14216,,
16178,12446,,
10927,11065,,
178,13620,,
12195,14918,,
198,76,,
13619,178,,
11252,13965,,
13749,16277,,
129,14211,,
14201,11171,,
13712,13836,,
11924,45,,
13837,30,,
41,45,,
11048,10945,,
129,11171,,
136,139,,
252,13355,,
13737,12086,,
10927,14294,,
12109,12287,,
14823,14220,,
14589,14808,,
13653,13118,,
13470,12022,,
16176,10859,,
10952,11041,,
14513,12589,,
14227,14755,,
12812,96,,
13856,13692,,
274,16204,,
11852,16102,,
14206,16009,,
12492,14212,,
13257,13952,,
12975,12965,,
14315,14452,,
10858,14211,,
13429,13604,,
12748,12980,,
144,13485,,
12591,11712,,
16179,13278,,
14229,14225,,
16195,15974,,
11138,14372,,
11183,11157,,
11878,11872,,
252,12603,,
12585,12587,,
45,15101,,
13493,125,,
274,16262,,
12586,13676,,
14550,14555,,
12086,13737,,
14235,16013,,
14760,13512,,
13316,14908,,
13974,14293,,
11055,10937,,
187,184,,
14516,14211,,
13396,13559,,
143,11252,,
11415,12150,,
16178,16212,,
14217,25,,
10861,15933,,
12571,12596,,
14204,14210,,
14829,11362,,
13355,242,,
156,167,,
192,11712,,
14220,14223,,
231,11103,,
197,76,,
12913,16274,,
14210,14203,,
13616,13584,,
16181,14206,,
11549,14756,,
3,12921,,
14217,28,,
16185,12923,,
14218,14230,,
10981,46,,
15963,12490,,
13653,13240,,
13604,10862,,
343,64,,
14484,14568,,
12133,12266,,
16204,25,,
25,14205,,
13883,16171,,
28,25,,
14221,14294,,
16221,16216,,
16082,11105,,
10858,11525,,
5,10986,,
14738,14737,,
16262,14210,,
16181,129,,
14483,14484,,
244,11194,,
10858,15933,,
12850,304,,
14294,14219,,
47,13401,,
12150,11382,,
14216,14205,,
14241,14235,,
14864,10864,,
11008,14336,,
11105,16082,,
75,70,,
119,126,,
16212,16176,,
16178,14200,,
12779,12848,,
12805,11288,,
16150,13082,,
130,13688,,
12152,342,,
14887,12613,,
13401,13512,,
14726,10862,,
11138,13512,,
12407,14189,,
16185,60,,
13965,143,,
11288,12805,,
13955,11844,,
14205,129,,
171,13620,,
12596,12570,,
16115,16,,
187,157,,
10996,259,,
268,195,,
14136,14533,,
16102,16182,,
14218,14755,,
11964,11946,,
16009,14203,,
22,81,,
25,14217,,
11868,12626,,
15973,14223,,
14211,25,,
14823,14225,,
13677,11718,,
14031,13616,,
12087,12094,,
14212,129,,
14206,14211,,
14455,11780,,
14516,16262,,
11142,11198,,
13676,13686,,
13835,13712,,
13194,14585,,
11228,11133,,
16180,12025,,
14203,10858,,
13194,13168,,
11525,15933,,
13194,14579,,
14217,14204,,
10861,14203,,
14205,10861,,
16009,10861,,
16177,129,,
16178,16177,,
10973,10972,,
16211,14900,,
14372,13401,,
13285,12497,,
12338,12626,,
11915,12889,,
16177,14206,,
11908,12786,,
177,12912,,
12340,14624,,
11167,11166,,
11359,271,,
11716,12578,,
14197,12466,,
128,58,,
65,11735,,
222,223,,
14204,10860,,
12391,14179,,
13983,12102,,
16009,10858,,
12578,12589,,
11525,11171,,
47,11138,,
16274,343,,
14336,11008,,
12019,13441,,
11161,13082,,
14370,14867,,
12016,156,,
11887,9,,
195,268,,
15973,14229,,
14613,12209,,
11209,11228,,
13440,13285,,
13474,14200,,
12542,14293,,
14196,13676,,
11171,28,,
11735,16111,,
74,71,,
13619,171,,
303,11018,,
126,119,,
16181,14212,,
12446,16178,,
14377,12197,,
14216,10861,,
28,14205,,
11198,12864,,
11500,11900,,
15933,14205,,
14483,16106,,
11170,10858,,
25,14516,,
14315,13385,,
13036,195,,
12572,12594,,
11150,40,,
11820,11768,,
14541,14839,,
11266,12411,,
10973,11013,,
13952,12987,,
10860,14211,,
12493,16180,,
12709,11065,,
10893,10942,,
14205,42,,
14900,16211,,
13860,12822,,
14221,14219,,
13402,47,,
14336,125,,
10861,13474,,
13832,13833,,
14236,14240,,
14555,14550,,
14203,16009,,
16171,13883,,
12591,192,,
14212,14203,,
11058,67,,
12921,3,,
13098,14237,,
14212,16009,,
188,226,,
11844,13707,,
14499,85,,
14755,14219,,
13753,12407,,
13079,13481,,
11150,10981,,
14225,15973,,
12400,12399,,
16262,14204,,
197,91,,
16176,11464,,
14531,14542,,
14205,14203,,
15968,12195,,
12087,11426,,
14220,14221,,
12446,11172,,
14205,16009,,
14212,14200,,
261,13410,,
10969,292,,
14220,14227,,
15933,14211,,
11109,12102,,
14204,14205,,
16120,11915,,
11027,14740,,
13530,11214,,
16262,14201,,
14295,12637,,
11805,11785,,
12153,334,,
16111,11735,,
54,11000,,
12021,13440,,
15971,12340,,
16134,16163,,
14204,25,,
13581,178,,
13896,11375,,
12778,14344,,
60,16111,,
10960,11030,,
10926,14218,,
14196,13686,,
12108,12288,,
11163,12921,,
338,13031,,
11368,11167,,
13753,12391,,
11018,303,,
40,46,,
16081,14983,,
14219,14229,,
12911,172,,
14824,14220,,
16200,184,,
13069,13470,,
14229,14221,,
14293,14218,,
13080,16185,,
14204,28,,
11107,201,,
10925,10862,,
159,16036,,
10926,14221,,
274,16263,,
148,16171,,
4,11887,,
11407,12594,,
67,58,,
11049,10960,,
11414,11383,,
11076,13142,,
213,14435,,
15981,14533,,
11161,12921,,
13949,11293,,
12253,11407,,
16178,14204,,
15966,11813,,
11364,11486,,
12338,12732,,
304,12851,,
11153,13954,,
14229,11065,,
16329,13396,,
16180,14204,,
13947,12797,,
13581,13950,,
14294,14223,,
16204,10861,,
12492,16009,,
12850,311,,
12025,14201,,
16181,14205,,
14377,12219,,
10858,14761,,
172,12912,,
14210,14216,,
14320,14031,,
11780,14455,,
14755,14229,,
11329,11350,,
14898,14897,,
11972,11266,,
15925,16006,,
16180,14201,,
12466,16187,,
13099,14242,,
14137,14698,,
14205,14216,,
12095,12096,,
64,16274,,
11868,12732,,
16262,14217,,
12025,14204,,
48,14417,,
14200,16262,,
14307,13409,,
155,13983,,
167,12500,,
10860,28,,
10923,14018,,
14206,14201,,
13868,13707,,
238,11103,,
12921,11163,,
16310,16033,,
12571,11368,,
12132,12267,,
14240,14236,,
14129,12897,,
13484,13485,,
13670,12444,,
10998,5,,
16109,16083,,
14237,14756,,
14808,14503,,
16101,11181,,
10860,25,,
11045,10948,,
13469,12021,,
14242,16013,,
70,75,,
290,15013,,
11117,14819,,
14364,10925,,
13500,13501,,
12822,13860,,
14494,12902,,
25,14204,,
258,14926,,
14740,10969,,
13707,13868,,
15988,12239,,
14018,14864,,
12084,14914,,
10998,8,,
14225,14218,,
13837,13711,,
196,199,,
10938,11054,,
14926,259,,
11018,14740,,
12819,11198,,
12115,12542,,
10861,14216,,
12104,12102,,
14224,14220,,
13362,13965,,
11108,13984,,
14951,13285,,
10939,18,,
16262,15933,,
11525,14201,,
148,13941,,
13369,13284,,
14540,15981,,
14714,14605,,
11714,12588,,
15933,28,,
238,12552,,
240,229,,
16204,14206,,
14242,14236,,
14200,42,,
11525,14204,,
13677,12585,,
12542,14823,,
11167,12570,,
16178,28,,
15926,311,,
12025,28,,
75,13154,,
11886,4,,
11180,11161,,
11166,11167,,
16177,10859,,
15933,14212,,
12609,13714,,
14212,16262,,
14221,14220,,
13890,13747,,
14900,11464,,
14216,28,,
14761,10858,,
12921,13082,,
280,14982,,
12586,13686,,
13856,16176,,
11194,249,,
12025,16204,,
13879,13945,,
11951,11469,,
10969,14739,,
14216,14761,,
12813,108,,
12633,10926,,
21,16018,,
14938,16135,,
12492,14205,,
14568,14484,,
14200,10860,,
14216,25,,
11164,13082,,
16204,10860,,
11252,11751,,
14217,15933,,
14785,14786,,
14124,13525,,
54,10983,,
14211,42,,
172,12911,,
11050,10893,,
12969,13513,,
16262,16009,,
16178,14216,,
10858,25,,
13714,12765,,
10948,11045,,
12446,11171,,
12142,11368,,
14227,14225,,
16171,13941,,
16212,274,,
13974,10926,,
11715,14506,,
10926,14230,,
14555,16135,,
12578,14507,,
13506,13525,,
58,10934,,
14313,11040,,
14540,14136,,
14201,28,,
12094,11425,,
13014,13032,,
16009,14201,,
14307,13500,,
13823,13403,,
11375,11425,,
96,108,,
200,268,,
15933,10861,,
14200,14516,,
13410,13409,,
16262,274,,
14241,14242,,
16009,14210,,
13830,13858,,
129,25,,
108,257,,
14211,14206,,
12019,13467,,
14219,14294,,
11179,11164,,
11466,14155,,
10861,14201,,
16018,32,,
30,10978,,
284,287,,
11062,14956,,
12594,12595,,
14225,14229,,
11760,11827,,
12111,11117,,
14755,14230,,
12384,11045,,
11407,12595,,
11375,13896,,
14787,13513,,
11775,11814,,
11375,12087,,
13571,245,,
14200,14205,,
15000,12605,,
10860,14217,,
14376,12153,,
15973,14230,,
13252,16222,,
10861,14204,,
14203,14217,,
53,10983,,
16013,14756,,
12634,10926,,
20,14576,,
10858,28,,
11525,14761,,
14211,16262,,
15973,14227,,
11814,11775,,
11171,42,,
134,255,,
10858,14201,,
16180,14200,,
14241,14756,,
14206,14216,,
187,116,,
11350,12902,,
12570,11167,,
12050,155,,
11848,11739,,
13692,11455,,
13950,13581,,
11043,10949,,
13469,16161,,
4,11918,,
13402,13510,,
16176,12446,,
13737,12096,,
10859,16177,,
255,12779,,
11365,11466,,
32,21,,
10934,58,,
12108,14735,,
11182,16186,,
303,14740,,
292,11018,,
14864,13367,,
14293,15973,,
11375,12094,,
13240,13653,,
11352,11497,,
10893,10895,,
10912,10875,,
11718,13676,,
14216,14211,,
13304,12831,,
12096,13748,,
14189,12407,,
14200,14201,,
16212,16263,,
12022,13470,,
16181,10861,,
13367,14018,,
252,13300,,
10979,30,,
12414,14320,,
14456,11810,,
12467,16173,,
14210,16262,,
13258,13952,,
11455,16175,,
12130,13282,,
10943,10895,,
12414,11884,,
14900,16175,,
12084,11973,,
14755,14220,,
11715,11717,,
14229,15973,,
12987,13872,,
16161,12497,,
14315,13386,,
14203,14204,,
13304,12851,,
197,198,,
13082,11161,,
10927,12633,,
13440,12497,,
11368,12596,,
11882,220,,
14977,11735,,
14293,14219,,
172,177,,
11146,249,,
14320,12414,,
283,271,,
16106,14484,,
14017,14018,,
11888,11915,,
11180,13082,,
13396,16329,,
13984,230,,
58,128,,
14299,57,,
304,12831,,
157,116,,
14926,258,,
14240,14756,,
16101,13081,,
14216,10860,,
14542,14531,,
14201,14217,,
230,201,,
11549,13098,,
12570,12571,,
10858,11171,,
257,96,,
13525,81,,
13950,13620,,
12084,11302,,
14579,13168,,
14372,11138,,
12552,11099,,
12025,14205,,
13124,11076,,
16177,13474,,
14218,14224,,
12006,199,,
11689,11060,,
15981,14540,,
13858,13830,,
10861,14516,,
148,13883,,
14240,14242,,
12497,13285,,
13675,14196,,
274,11172,,
11727,16187,,
16196,16073,,
86,13525,,
12079,13282,,
11879,16055,,
11117,12114,,
281,272,,
11103,238,,
11975,14179,,
16180,14216,,
12098,14914,,
14823,14223,,
16181,14200,,
16181,16009,,
14204,14201,,
15101,41,,
14210,129,,
16033,16310,,
96,12813,,
16219,11908,,
32,16019,,
14201,14516,,
14053,14956,,
13616,14031,,
11926,13485,,
14344,12779,,
14324,14435,,
14203,14201,,
16262,14216,,
12087,11375,,
10861,16180,,
13154,75,,
14200,25,,
16009,14217,,
11156,11924,,
13440,13284,,
14839,14541,,
13440,12021,,
11076,11232,,
12440,12573,,
16147,16144,,
14224,14229,,
13620,13950,,
12391,14189,,
3,16150,,
11065,14293,,
16263,274,,
12209,14613,,
14914,12098,,
12831,304,,
268,200,,
14200,28,,
16178,16009,,
13715,12765,,
16204,28,,
13510,13823,,
10860,14210,,
14205,15933,,
16263,12446,,
14223,14220,,
14216,14217,,
16177,14217,,
13513,12969,,
16047,12552,,
10859,16178,,
11715,11714,,
13692,11172,,
16177,14211,,
16111,60,,
14225,14294,,
12098,11973,,
14212,14516,,
16178,129,,
12243,334,,
13399,14941,,
11610,10981,,
13154,13206,,
13474,16262,,
16009,10860,,
292,10969,,
16056,11993,,
11389,12143,,
12197,14989,,
124,121,,
16215,165,,
12446,11170,,
167,156,,
10858,16177,,
10861,14211,,
248,245,,
12287,12109,,
12813,257,,
13168,14585,,
13697,16182,,
14918,12221,,
12938,10864,,
12922,16101,,
11719,13686,,
16009,15933,,
13856,14900,,
10969,14740,,
13965,11751,,
14206,14203,,
198,91,,
28,14210,,
15933,14210,,
11924,11881,,
16191,16072,,
12922,13081,,
12812,108,,
259,14926,,
11232,13142,,
11925,29,,
12980,12748,,
11881,15101,,
14367,14128,,
13873,13581,,
14179,12407,,
132,16173,,
12938,13367,,
14417,48,,
11266,12098,,
334,12243,,
14417,15966,,
15939,15940,,
12446,16263,,
12571,11167,,
11149,10981,,
12552,16047,,
13752,12391,,
12959,12760,,
14206,16262,,
12116,11976,,
194,230,,
14031,11886,,
10983,53,,
14206,14212,,
14227,14223,,
129,10860,,
11464,16176,,
12786,11908,,
12337,12626,,
11884,106,,
14205,14211,,
14201,10860,,
12253,11408,,
14205,11171,,
16145,14847,,
14205,14217,,
14203,25,,
12779,14344,,
14727,14740,,
14206,129,,
14224,14755,,
15027,16270,,
13403,13510,,
14227,14229,,
14242,14241,,
11714,12590,,
16134,16133,,
12922,16185,,
16178,42,,
14864,14018,,
10996,258,,
13474,25,,
14216,14516,,
10923,10864,,
10861,12492,,
11333,13883,,
9,11886,,
14908,13316,,
11408,12594,,
14756,14235,,
11549,16013,,
11844,13956,,
12659,10954,,
14914,12084,,
9,11918,,
13716,13831,,
13872,13258,,
13285,13469,,
14613,271,,
14579,13194,,
12921,11161,,
10981,40,,
14216,11171,,
12743,20,,
258,259,,
13090,64,,
13390,11214,,
16055,29,,
14204,14216,,
14206,10861,,
11181,11161,,
13474,14212,,
12571,12253,,
12153,342,,
14211,14216,,
16178,14206,,
143,11751,,
12578,14506,,
11065,10927,,
13697,16102,,
10984,15679,,
14115,13159,,
14585,13168,,
10861,42,,
11368,13755,,
117,67,,
11172,274,,
12239,12157,,
13206,13154,,
14206,14205,,
13828,12822,,
14210,14516,,
16177,16178,,
11714,12589,,
14739,11018,,
14210,15933,,
12584,13678,,
10858,14216,,
14224,14218,,
14368,11263,,
106,13616,,
35,14137,,
11814,11776,,
124,15679,,
11407,12253,,
11275,13949,,
258,14930,,
106,12414,,
14216,14203,,
13283,12079,,
14115,11771,,
13945,13879,,
12587,12585,,
16009,14212,,
13405,86,,
42,14200,,
12606,12768,,
14200,14216,,
12571,12572,,
16180,15933,,
11179,13081,,
13983,11109,,
14900,16176,,
11846,11741,,
14118,13155,,
107,124,,
13367,10864,,
10895,11050,,
14216,14206,,
12021,13369,,
11738,15942,,
13580,178,,
15679,121,,
12613,14887,,
13508,13404,,
12022,16161,,
11266,11972,,
11742,11845,,
11172,12446,,
16188,30,,
13953,11153,,
14212,15933,,
14523,35,,
14843,11387,,
14585,13194,,
12975,12816,,
11549,14237,,
16177,14212,,
12096,13737,,
16163,16133,,
16182,13697,,
13956,13707,,
14508,12489,,
11078,11230,,
14533,14136,,
11976,12542,,
12763,12609,,
125,120,,
13079,14364,,
12779,255,,
13038,195,,
13014,338,,
13032,331,,
14839,14540,,
11780,14456,,
14206,10860,,
28,14216,,
11166,11165,,
11167,12595,,
13032,13014,,
14501,14714,,
11181,16101,,
14600,14518,,
11170,15933,,
11154,13870,,
11177,12570,,
231,16047,,
11305,11161,,
14201,14206,,
274,12446,,
13697,16183,,
16156,187,,
16175,14900,,
13153,70,,
11810,14627,,
11751,11252,,
16177,16262,,
16180,14205,,
14227,14220,,
11214,13530,,
5,8,,
16018,21,,
10977,23,,
10986,8,,
12399,12400,,
13490,179,,
11919,14031,,
13833,12609,,
11027,11018,,
10926,14225,,
11905,11550,,
14553,14138,,
46,11610,,
14755,15973,,
15968,12221,,
12637,13054,,
11177,12596,,
14218,14293,,
11814,48,,
11549,14925,,
12816,12975,,
16180,14211,,
13099,14241,,
11760,14736,,
12219,14989,,
11053,18,,
13755,11368,,
11742,13956,,
10946,11047,,
35,14523,,
11879,29,,
10859,42,,
14124,22,,
13099,14235,,
11895,12786,,
16055,11925,,
13291,143,,
12492,14210,,
16277,13736,,
10864,14864,,
12025,14200,,
14386,11230,,
14203,16262,,
12143,11408,,
13082,11163,,
12709,10926,,
13206,70,,
13873,13620,,
16175,11172,,
10961,10960,,
14018,10864,,
12786,11895,,
14242,14237,,
15973,14755,,
12221,15968,,
14203,10861,,
14216,16009,,
14981,14988,,
11486,11364,,
14294,11065,,
13399,12969,,
11828,14736,,
12343,14544,,
13511,13510,,
35,51,,
14756,14241,,
14224,14221,,
14559,14545,,
13474,14516,,
14242,14240,,
13410,13500,,
12021,13285,,
14760,14372,,
11525,10858,,
25,16009,,
12748,12760,,
11972,12411,,
16262,16178,,
12571,12595,,
12473,11727,,
14217,14216,,
14137,51,,
14216,129,,
14824,14221,,
14819,12114,,
249,244,,
14513,12578,,
16204,14216,,
14235,14241,,
13500,13409,,
13081,12921,,
14761,11171,,
16311,144,,
13474,16177,,
129,42,,
14991,16014,,
15933,14516,,
12115,12114,,
13282,12130,,
12411,11266,,
16181,25,,
12959,12748,,
16036,11466,,
10949,11043,,
15101,11183,,
16262,28,,
14516,10858,,
11139,11138,,
12707,13054,,
13091,172,,
10926,15973,,
14824,14218,,
8,10997,,
13883,148,,
14864,10923,,
10927,13974,,
107,15679,,
303,10969,,
12025,13474,,
11045,12384,,
117,128,,
16187,16173,,
12607,307,,
54,11001,,
11848,11738,,
15679,124,,
12414,106,,
14221,15973,,
11464,11455,,
25,14200,,
11350,11329,,
11716,12589,,
14018,10922,,
14155,11365,,
11008,10974,,
14761,14217,,
15973,14293,,
11845,11844,,
311,12831,,
16176,11455,,
13031,338,,
13440,13369,,
67,10934,,
14203,42,,
10986,5,,
14210,14211,,
16156,184,,
14210,11171,,
144,16311,,
10910,14967,,
14294,14227,,
12613,12744,,
13081,16185,,
13951,13258,,
13686,12586,,
129,14206,,
12446,11526,,
13732,12407,,
14211,14201,,
16178,14205,,
334,12152,,
13575,121,,
14219,14225,,
11181,3,,
13153,13206,,
13396,13519,,
14320,106,,
11157,11183,,
14951,13467,,
14018,13367,,
14216,10858,,
16101,12922,,
11029,10960,,
10895,10893,,
16181,28,,
13871,12987,,
14212,11171,,
11065,14218,,
14211,14204,,
14237,14241,,
14201,14203,,
12980,12760,,
12446,274,,
13474,12492,,
12552,231,,
16036,14155,,
14203,14212,,
3,11181,,
14516,14200,,
70,13154,,
11190,46,,
11525,129,,
10858,11170,,
10942,10893,,
13390,13530,,
13403,13823,,
12398,12451,,
9,11887,,
11883,11882,,
13428,13481,,
14516,14203,,
15933,14217,,
14570,12236,,
14516,16009,,
11518,12807,,
11362,14829,,
11526,16263,,
14755,14225,,
11293,13875,,
76,91,,
15933,11171,,
13686,13675,,
14201,129,,
11389,12594,,
14212,14217,,
14941,13399,,
12025,16009,,
12098,11972,,
11467,11486,,
12570,13755,,
11813,14417,,
12570,11368,,
11302,11972,,
25,42,,
16181,14210,,
171,178,,
14372,13512,,
10861,25,,
11881,41,,
14516,14204,,
11190,10981,,
10858,14210,,
11047,10946,,
14726,10925,,
14918,15968,,
11305,11263,,
244,249,,
14205,14201,,
47,14372,,
157,187,,
11408,12572,,
14698,14137,,
13620,171,,
10923,14864,,
12768,12606,,
11382,12246,,
132,14197,,
12946,117,,
10925,14726,,
14223,14294,,
13951,12987,,
12574,192,,
14201,25,,
13623,124,,
14320,11919,,
245,13627,,
11759,14736,,
14503,186,,
14755,14221,,
11138,13401,,
12831,311,,
13069,16161,,
13974,15973,,
12434,14196,,
11166,12570,,
14218,14220,,
25,14203,,
14138,14553,,
143,13965,,
14217,14205,,
14211,14203,,
11365,16036,,
13938,12895,,
16041,12743,,
11900,11500,,
12885,13947,,
13286,10864,,
220,11882,,
13098,14756,,
12116,14823,,
11736,16111,,
129,14761,,
14344,12778,,
13707,13956,,
25,14206,,
13369,13440,,
226,188,,
12159,12236,,
13081,16101,,
15966,11776,,
13470,13284,,
14336,10974,,
11018,11027,,
15973,14224,,
136,74,,
14824,14219,,
14216,14204,,
16171,148,,
12921,11180,,
12633,11065,,
14618,11964,,
14223,14230,,
13936,12095,,
53,11000,,
15966,11814,,
14201,14212,,
16262,14206,,
14824,14823,,
12913,64,,
14293,14220,,
16262,14212,,
12634,12709,,
13508,13823,,
13196,13166,,
14205,25,,
14755,14227,,
14294,14221,,
14224,14225,,
14216,14210,,
134,14344,,
155,11109,,
12466,16173,,
10860,14200,,
42,15933,,
12851,304,,
16007,15015,,
11171,14200,,
15151,100,,
25,16262,,
10997,5,,
12868,12975,,
85,82,,
8,10998,,
11455,13856,,
134,12779,,
16131,14576,,
16009,28,,
14587,12743,,
14212,25,,
11177,11165,,
16013,14236,,
10926,12709,,
14293,14229,,
13284,12497,,
14201,16262,,
14881,14486,,
22,86,,
230,194,,
13493,120,,
16180,42,,
14284,11771,,
15933,14200,,
11526,10859,,
13949,11275,,
10997,8,,
28,14217,,
10858,14204,,
16009,25,,
42,11171,,
16181,14204,,
11962,11948,,
12849,311,,
10952,11040,,
